
== before.json
style       lead%  n/bar  odd16   step    rep   >4st   >7st  recov beatCT    rub  inkey  rhyPh rhyRec shpRec  range  cadRt  cadLg
house        70.5    4.5   26.3   26.4   26.5   21.1    6.3   28.9  100.0    0.0  100.0   84.5   90.8   84.6   10.8   48.8  100.0
techno       68.8    5.0   28.8   29.3   26.6   19.1    4.6   29.3  100.0    0.0  100.0   84.1   90.9   86.4   11.2   53.5  100.0
lofi         70.1    4.6   25.0   28.0   28.9   18.1    5.3   19.7  100.0    0.0  100.0   83.5   90.3   85.8   11.5   42.1  100.0
ambient     100.0    3.3   16.2   14.2   34.1   22.2    7.4   13.5  100.0    0.0  100.0   87.2   87.8   79.1   10.0   27.8  100.0
synthwave    72.9    4.7   22.5   25.1   30.0   21.0    5.4   21.9  100.0    0.0  100.0   83.5   92.4   89.3   11.8   50.0  100.0
dub          71.9    4.6   26.3   22.6   28.3   22.8    5.4   14.3  100.0    0.0  100.0   86.0   89.0   86.1   11.8   45.9  100.0
sleep       100.0    2.9    9.9    9.5   29.6   29.0    8.6   16.6  100.0    0.0  100.0   88.9   94.2   89.8   10.6   32.3  100.0
ALL          79.2    4.1   22.4   22.5   29.1   21.7    6.1   20.6  100.0    0.0  100.0   85.7   90.8   85.7   11.0   41.5  100.0

== after.json
style       lead%  n/bar  odd16   step    rep   >4st   >7st  recov beatCT    rub  inkey  rhyPh rhyRec shpRec  range  cadRt  cadLg
house        82.6    3.8   17.6   40.9   11.8   19.7    3.5   76.8   99.5    0.0  100.0   67.1   95.9   88.2   10.0   56.3  100.0
techno       80.9    4.1   15.1   43.0   17.2   16.5    3.8   44.2   98.8    0.0  100.0   62.6   96.4   86.6   10.2   44.6  100.0
lofi         85.4    3.8   17.6   43.8   12.9   18.8    4.0   69.0   99.3    0.0  100.0   70.7   95.7   90.8   11.1   47.2  100.0
ambient     100.0    1.8    0.0   32.4   24.4   14.6    3.2   59.1   99.5    0.0  100.0   86.7   98.0   96.3    6.3   34.0  100.0
synthwave    82.6    4.0   15.1   39.7   14.4   14.0    1.9   49.2   99.3    0.0  100.0   67.1   96.3   91.4    9.5   32.8  100.0
dub          81.9    2.7   11.4   32.3   20.1   15.3    5.1   42.6   99.6    0.0  100.0   65.9   96.1   90.9    8.5   39.0  100.0
sleep       100.0    1.2    0.0   21.9   28.8   12.0    2.0   42.9  100.0    0.0  100.0   89.2   99.7   99.1    3.8   32.6  100.0
ALL          87.6    3.0   13.1   38.7   16.6   16.5    3.4   58.6   99.4    0.0  100.0   73.7   97.0   92.2    8.3   40.5  100.0
