k=5 type 0: YES ([0, 0, 0, 0, 1], [0, 0, 0, 1, -1], [0, 1, -1, 0, 0], [0, 1, 0, 0, 0], [1, 0, -1, 1, 0], [1, 0, 0, 0, 0])
k=5 type 1: YES ([0, 0, 0, 0, 1], [0, 0, 0, 1, -1], [0, 1, -1, 0, 0], [0, 1, 0, -1, 0], [1, 0, -1, 0, 0], [1, 0, 0, 0, 0])
k=5 type 2: YES ([0, 0, 0, 0, 1], [0, 0, 0, 1, -1], [0, 0, 1, -1, 0], [0, 1, 0, 0, 0], [1, -1, -1, 0, 0], [1, 0, 0, 0, 0])
k=5 type 3: YES ([0, 0, 0, 0, 1], [0, 0, 0, 1, -1], [0, 0, 1, -1, 0], [0, 1, -1, 0, 0], [1, -1, 0, 0, 0], [1, 0, 0, 0, 0])
k=5 type 4: YES ([0, 0, 0, 0, 1], [0, 0, 0, 1, -1], [0, 0, 1, 0, 0], [0, 1, 0, 0, 0], [1, -1, -1, 1, 0], [1, 0, 0, 0, 0])
k=5 type 5: YES ([0, 0, 0, 0, 1], [0, 0, 0, 1, -1], [0, 0, 1, -1, 0], [0, 1, -1, 0, 0], [1, -1, 0, 0, 0], [1, 0, 0, 0, 0])
k=5 type 6: YES ([0, 0, 0, 0, 1], [0, 0, 0, 1, -1], [0, 0, 1, 0, 0], [0, 1, -1, 1, -1], [1, -1, 0, 0, 1], [1, 0, 0, 0, 0])
k=5 type 7: YES ([0, 0, 0, 0, 1], [0, 0, 0, 1, 0], [0, 0, 1, 0, 0], [0, 1, 0, 0, 0], [1, -1, -1, 1, -1], [1, 0, 0, 0, 0])
k=5 type 8: YES ([0, 0, 0, 0, 1], [0, 0, 0, 1, -1], [0, 0, 1, -1, 0], [0, 1, 0, 0, 0], [1, -1, 0, 1, 0], [1, 0, -1, 1, 0])
k=5 type 9: YES ([0, 0, 0, 0, 1], [0, 0, 0, 1, -1], [0, 0, 1, -1, 0], [0, 1, -1, 0, 0], [1, -1, 0, 0, 0], [1, 0, 0, 0, 0])
k=5 type 10: YES ([0, 0, 0, 0, 1], [0, 0, 0, 1, -1], [0, 0, 1, -1, 0], [0, 1, 0, 0, 0], [1, -1, -1, 0, 0], [1, 0, 0, 0, 0])
k=5 type 11: YES ([0, 0, 0, 0, 1], [0, 0, 0, 1, -1], [0, 0, 1, -1, 0], [0, 1, -1, 0, 0], [1, -1, 0, 0, 0], [1, 0, 0, 0, 0])
k=5 type 12: YES ([0, 0, 0, 0, 1], [0, 0, 0, 1, -1], [0, 0, 1, 0, 0], [0, 1, -1, 1, 0], [1, -1, 0, 0, 0], [1, 0, 0, 0, 0])
k=5 type 13: YES ([0, 0, 0, 0, 1], [0, 0, 0, 1, -1], [0, 1, -1, 0, 0], [0, 1, 0, 0, 0], [1, 0, -1, 1, 0], [1, 0, 0, 0, 0])
k=5 type 14: YES ([0, 0, 0, 0, 1], [0, 0, 0, 1, -1], [0, 0, 1, -1, 0], [0, 1, -1, 0, 0], [1, -1, 0, 0, 0], [1, 0, 0, 0, 0])
k=5 type 15: YES ([0, 0, 0, 0, 1], [0, 0, 0, 1, -1], [0, 1, -1, 0, 0], [0, 1, 0, 0, 0], [1, 0, -1, 0, 0], [1, 0, 0, -1, 0])
k=5 type 16: YES ([0, 0, 0, 0, 1], [0, 0, 0, 1, -1], [0, 0, 1, 0, 0], [0, 1, 0, 0, 0], [1, -1, -1, 1, 0], [1, 0, 0, 0, 0])
k=5 type 17: YES ([0, 0, 0, 0, 1], [0, 0, 0, 1, 0], [0, 0, 1, 0, 0], [0, 1, 0, 0, 0], [1, -1, 1, 1, -1], [1, 0, 0, 0, 0])
k=5 type 18: YES ([0, 0, 0, 0, 1], [0, 0, 0, 1, -1], [0, 0, 1, 0, 0], [0, 1, 0, 0, 0], [1, -1, -1, 1, 0], [1, 0, 0, 0, 0])
k=5 type 19: YES ([0, 0, 0, 0, 1], [0, 0, 0, 1, -1], [0, 1, -1, 0, 0], [0, 1, 0, 0, 0], [1, 0, -1, 1, -1], [1, 0, 0, 0, -1])
k=5 type 20: YES ([0, 0, 0, 0, 1], [0, 0, 0, 1, -1], [0, 0, 1, -1, 0], [0, 1, -1, 0, 0], [1, -1, 0, 0, 0], [1, 0, 0, 0, 0])
k=5 type 21: YES ([0, 0, 0, 0, 1], [0, 0, 1, -1, 0], [0, 1, -1, 0, 0], [0, 1, 0, 0, 0], [1, 0, 0, -1, 0], [1, 0, 0, 0, -1])
k=5 type 22: YES ([0, 0, 0, 0, 1], [0, 0, 0, 1, -1], [0, 0, 1, -1, 0], [0, 1, -1, 0, 0], [1, -1, 0, 0, 0], [1, 0, 0, 0, 0])
k=5 type 23: YES ([0, 0, 0, 0, 1], [0, 0, 0, 1, -1], [0, 0, 1, 0, 0], [0, 1, 0, 0, 0], [1, -1, -1, 1, 0], [1, 0, 0, 0, 0])
k=5 type 24: YES ([0, 0, 0, 0, 1], [0, 0, 0, 1, -1], [0, 0, 1, -1, 0], [0, 1, -1, 0, 0], [1, -1, 0, 0, 0], [1, 0, 0, 0, 0])
k=5 type 25: YES ([0, 0, 0, 0, 1], [0, 0, 0, 1, -1], [0, 0, 1, -1, 0], [0, 1, -1, 0, 0], [1, -1, 0, 0, 0], [1, 0, 0, 0, 0])
k=5 type 26: YES ([0, 0, 0, 0, 1], [0, 0, 0, 1, -1], [0, 0, 1, -1, 0], [0, 1, -1, 0, 0], [1, -1, 0, 1, 0], [1, 0, 0, 1, 0])
k=5 type 27: YES ([0, 0, 0, 0, 1], [0, 0, 0, 1, -1], [0, 0, 1, -1, 0], [0, 1, -1, 1, -1], [1, -1, 0, 0, 0], [1, 0, 0, 1, -1])
k=5 type 28: YES ([0, 0, 0, 0, 1], [0, 0, 0, 1, -1], [0, 0, 1, -1, 0], [0, 1, 0, 0, 0], [1, -1, 0, 1, -1], [1, 0, -1, 1, -1])
k=5 type 29: YES ([0, 0, 0, 0, 1], [0, 0, 0, 1, -1], [0, 0, 1, 0, 0], [0, 1, -1, 1, 0], [1, -1, 0, 0, 0], [1, 0, 0, 0, 0])
k=5 type 30: YES ([0, 0, 0, 0, 1], [0, 0, 0, 1, -1], [0, 0, 1, -1, 0], [0, 1, -1, 0, 0], [1, -1, 1, 0, 0], [1, 0, 1, 0, 0])
k=5 type 31: YES ([0, 0, 0, 0, 1], [0, 0, 0, 1, -1], [0, 0, 1, -1, 0], [0, 1, -1, 0, 0], [1, -1, 1, -1, 0], [1, 0, 1, -1, 0])
k=5 type 32: YES ([0, 0, 0, 0, 1], [0, 0, 1, -1, 0], [0, 1, -1, 0, 0], [0, 1, 0, 0, 0], [1, 0, 0, -1, 1], [1, 0, 0, 0, 0])
k=5 type 33: YES ([0, 0, 0, 0, 1], [0, 0, 0, 1, -1], [0, 0, 1, 0, 0], [0, 1, 0, 0, 0], [1, -1, 1, -1, 0], [1, 0, 0, 0, 0])
k=5 type 34: YES ([0, 0, 0, 0, 1], [0, 0, 0, 1, -1], [0, 0, 1, -1, 0], [0, 1, -1, 0, 0], [1, -1, 0, 1, -1], [1, 0, 0, 1, -1])
k=5 type 35: YES ([0, 0, 0, 0, 1], [0, 0, 0, 1, -1], [0, 0, 1, -1, 0], [0, 1, -1, 0, 0], [1, -1, 0, 1, -1], [1, 0, 0, 1, -1])
k=5 type 36: YES ([0, 0, 0, 0, 1], [0, 0, 0, 1, -1], [0, 0, 1, 0, 0], [0, 1, -1, 0, 1], [1, -1, 0, 1, -1], [1, 0, 0, 0, 0])
k=5 type 37: YES ([0, 0, 0, 0, 1], [0, 0, 0, 1, -1], [0, 0, 1, -1, 0], [0, 1, -1, 0, 0], [1, -1, 0, 0, 0], [1, 0, 0, 0, 0])
k=5 type 38: YES ([0, 0, 0, 0, 1], [0, 0, 0, 1, -1], [0, 0, 1, 0, 0], [0, 1, -1, 1, 0], [1, -1, 0, 0, 0], [1, 0, 0, 0, 0])
k=5 type 39: YES ([0, 0, 0, 0, 1], [0, 0, 1, -1, 0], [0, 1, -1, 0, 0], [0, 1, 0, 0, 0], [1, 0, 0, -1, 1], [1, 0, 0, 0, 0])
k=5 type 40: YES ([0, 0, 0, 0, 1], [0, 0, 0, 1, -1], [0, 0, 1, 0, 0], [0, 1, -1, 0, 1], [1, -1, 0, 1, -1], [1, 0, 0, 0, 0])
k=5 type 41: YES ([0, 0, 0, 0, 1], [0, 0, 0, 1, -1], [0, 0, 1, -1, 0], [0, 1, 0, 0, 0], [1, -1, 1, 0, 0], [1, 0, 0, 0, 0])
k=5 type 42: YES ([0, 0, 0, 0, 1], [0, 0, 0, 1, -1], [0, 0, 1, 0, 0], [0, 1, 0, 0, 0], [1, -1, -1, 1, 0], [1, 0, 0, 0, 0])
k=5 type 43: YES ([0, 0, 0, 0, 1], [0, 0, 0, 1, -1], [0, 0, 1, -1, 0], [0, 1, -1, 0, 0], [1, -1, 0, 1, -1], [1, 0, 0, 1, -1])
k=5 type 44: YES ([0, 0, 0, 0, 1], [0, 0, 0, 1, -1], [0, 0, 1, -1, 0], [0, 1, -1, 0, 0], [1, -1, 0, 0, 0], [1, 0, 0, 0, 0])
k=5 type 45: YES ([0, 0, 0, 0, 1], [0, 0, 0, 1, -1], [0, 0, 1, -1, 0], [0, 1, -1, 0, 0], [1, -1, 0, 1, -1], [1, 0, 0, 1, -1])
k=5 type 46: YES ([0, 0, 0, 0, 1], [0, 0, 0, 1, -1], [0, 0, 1, -1, 0], [0, 1, 0, 0, 0], [1, -1, -1, 0, 0], [1, 0, 0, 0, 0])
k=5 type 47: YES ([0, 0, 0, 0, 1], [0, 0, 0, 1, -1], [0, 0, 1, -1, 0], [0, 1, -1, 0, 0], [1, -1, 0, 0, 0], [1, 0, 0, 0, 0])
k=5 type 48: YES ([0, 0, 0, 0, 1], [0, 0, 0, 1, -1], [0, 0, 1, -1, 0], [0, 1, -1, 0, 0], [1, -1, 0, 0, 0], [1, 0, 0, 0, 0])
k=5 type 49: YES ([0, 0, 0, 0, 1], [0, 0, 0, 1, -1], [0, 0, 1, -1, 0], [0, 1, 0, 0, 0], [1, -1, -1, 0, 0], [1, 0, 0, 0, 0])
k=5 type 50: YES ([0, 0, 0, 0, 1], [0, 0, 0, 1, -1], [0, 0, 1, -1, 0], [0, 1, -1, 0, 0], [1, -1, 0, 0, 0], [1, 0, 0, 0, 0])
k=5 type 51: YES ([0, 0, 0, 0, 1], [0, 0, 0, 1, -1], [0, 0, 1, -1, 0], [0, 1, -1, 0, 0], [1, -1, 0, 0, 0], [1, 0, 0, 0, 0])
k=5 type 52: YES ([0, 0, 0, 0, 1], [0, 0, 0, 1, -1], [0, 0, 1, -1, 0], [0, 1, -1, 0, 0], [1, -1, 0, 0, 0], [1, 0, 0, 0, 0])
k=5 type 53: YES ([0, 0, 0, 0, 1], [0, 0, 0, 1, -1], [0, 0, 1, -1, 0], [0, 1, -1, 0, 0], [1, -1, 0, 0, 0], [1, 0, 0, 0, 0])
k=5 type 54: YES ([0, 0, 0, 0, 1], [0, 0, 0, 1, -1], [0, 0, 1, -1, 0], [0, 1, -1, 0, 0], [1, -1, 0, 0, 0], [1, 0, 0, 0, 0])
k=5 type 55: YES ([0, 0, 0, 0, 1], [0, 0, 0, 1, -1], [0, 0, 1, -1, 0], [0, 1, -1, 0, 0], [1, -1, 0, 0, 0], [1, 0, 0, 0, 0])
k=5 type 56: YES ([0, 0, 0, 0, 1], [0, 0, 0, 1, -1], [0, 0, 1, -1, 0], [0, 1, 0, 0, 0], [1, -1, -1, 0, 0], [1, 0, 0, 0, 0])
k=5 type 57: YES ([0, 0, 0, 0, 1], [0, 0, 0, 1, -1], [0, 0, 1, -1, 0], [0, 1, -1, 0, 0], [1, -1, 0, 0, 0], [1, 0, 0, 0, 0])
k=5 type 58: YES ([0, 0, 0, 0, 1], [0, 0, 1, -1, 0], [0, 1, -1, 0, 0], [0, 1, 0, 0, 0], [1, 0, 0, -1, 0], [1, 0, 0, 0, -1])
k=5 type 59: YES ([0, 0, 0, 0, 1], [0, 0, 0, 1, -1], [0, 0, 1, 0, 0], [0, 1, -1, 0, 1], [1, -1, 0, 1, -1], [1, 0, 0, 0, 0])
k=5 type 60: YES ([0, 0, 0, 0, 1], [0, 0, 0, 1, -1], [0, 0, 1, -1, 0], [0, 1, -1, 0, 0], [1, -1, 0, 0, 0], [1, 0, 0, 0, 0])
k=5 type 61: YES ([0, 0, 0, 0, 1], [0, 0, 0, 1, -1], [0, 0, 1, -1, 0], [0, 1, 0, 0, 0], [1, -1, -1, 0, 0], [1, 0, 0, 0, 0])
k=5 type 62: YES ([0, 0, 0, 0, 1], [0, 0, 0, 1, -1], [0, 0, 1, -1, 0], [0, 1, 0, 0, 0], [1, -1, 1, 0, 0], [1, 0, 0, 0, 0])
k=5 type 63: YES ([0, 0, 0, 0, 1], [0, 0, 0, 1, -1], [0, 0, 1, -1, 0], [0, 1, 0, 0, 0], [1, -1, 1, 0, 0], [1, 0, 0, 0, 0])
k=5 type 64: YES ([0, 0, 0, 0, 1], [0, 0, 0, 1, -1], [0, 0, 1, -1, 0], [0, 1, 0, 0, 0], [1, -1, 1, 0, 0], [1, 0, 0, 0, 0])
k=5 type 65: YES ([0, 0, 0, 0, 1], [0, 0, 0, 1, -1], [0, 0, 1, 0, 0], [0, 1, -1, 1, 0], [1, -1, 0, 0, 0], [1, 0, 0, 0, 0])
k=5 type 66: YES ([0, 0, 0, 0, 1], [0, 0, 0, 1, -1], [0, 0, 1, 0, 0], [0, 1, -1, 0, 1], [1, -1, 0, 1, -1], [1, 0, 0, 0, 0])
k=5 type 67: YES ([0, 0, 0, 0, 1], [0, 0, 0, 1, -1], [0, 0, 1, -1, 0], [0, 1, 0, 0, 0], [1, -1, 1, 0, 0], [1, 0, 0, 0, 0])
k=5 type 68: YES ([0, 0, 0, 0, 1], [0, 0, 0, 1, -1], [0, 0, 1, -1, 0], [0, 1, -1, 1, -1], [1, -1, 0, 0, 0], [1, 0, 0, 1, -1])
k=5 type 69: YES ([0, 0, 0, 0, 1], [0, 0, 0, 1, -1], [0, 0, 1, -1, 0], [0, 1, -1, 0, 0], [1, -1, 0, 1, 0], [1, 0, 0, 1, 0])
k=5 type 70: YES ([0, 0, 0, 0, 1], [0, 0, 0, 1, -1], [0, 0, 1, -1, 0], [0, 1, -1, 0, 0], [1, -1, 1, 0, 0], [1, 0, 1, 0, 0])
k=5 type 71: YES ([0, 0, 0, 0, 1], [0, 0, 0, 1, -1], [0, 0, 1, -1, 0], [0, 1, -1, 0, 0], [1, -1, 1, -1, 0], [1, 0, 1, -1, 0])
k=5 type 72: YES ([0, 0, 0, 0, 1], [0, 0, 0, 1, -1], [0, 1, -1, 0, 1], [0, 1, 0, -1, 1], [1, 0, -1, 0, 0], [1, 0, 0, 0, 0])
k=5 type 73: YES ([0, 0, 0, 0, 1], [0, 0, 0, 1, -1], [0, 0, 1, 0, 0], [0, 1, -1, 1, -1], [1, -1, 0, 0, 1], [1, 0, 0, 0, 0])
k=5 type 74: YES ([0, 0, 0, 0, 1], [0, 0, 0, 1, -1], [0, 0, 1, 0, 0], [0, 1, 0, 0, 0], [1, -1, 1, -1, 0], [1, 0, 0, 0, 0])
k=5 type 75: YES ([0, 0, 0, 0, 1], [0, 0, 0, 1, -1], [0, 0, 1, -1, 0], [0, 1, -1, 0, 0], [1, -1, 0, 1, -1], [1, 0, 0, 1, -1])
k=5 type 76: YES ([0, 0, 0, 0, 1], [0, 0, 0, 1, -1], [0, 0, 1, -1, 0], [0, 1, -1, 0, 0], [1, -1, 0, 1, -1], [1, 0, 0, 1, -1])
k=5 type 77: YES ([0, 0, 0, 0, 1], [0, 0, 0, 1, -1], [0, 1, -1, 0, 0], [0, 1, 0, 0, 0], [1, 0, -1, 0, 1], [1, 0, 0, -1, 1])
k=5 type 78: YES ([0, 0, 0, 0, 1], [0, 0, 0, 1, -1], [0, 0, 1, -1, 0], [0, 1, 0, 0, 0], [1, -1, -1, 0, 0], [1, 0, 0, 0, 0])
k=5 type 79: YES ([0, 0, 0, 0, 1], [0, 0, 0, 1, -1], [0, 0, 1, -1, 0], [0, 1, -1, 1, 0], [1, -1, 0, 0, -1], [1, 0, 0, 1, -1])
k=5 type 80: YES ([0, 0, 0, 0, 1], [0, 0, 0, 1, -1], [0, 0, 1, -1, 0], [0, 1, -1, 0, 0], [1, -1, 0, 0, 0], [1, 0, 0, 0, 0])
k=5 type 81: YES ([0, 0, 0, 0, 1], [0, 0, 0, 1, -1], [0, 0, 1, 0, 0], [0, 1, -1, 1, 0], [1, -1, 0, 0, 0], [1, 0, 0, 0, 0])
k=5 type 82: YES ([0, 0, 0, 0, 1], [0, 0, 0, 1, -1], [0, 0, 1, -1, 0], [0, 1, -1, 0, 0], [1, -1, 0, 1, -1], [1, 0, 0, 1, -1])
k=5 type 83: YES ([0, 0, 0, 0, 1], [0, 0, 0, 1, -1], [0, 0, 1, -1, 0], [0, 1, -1, 0, 0], [1, -1, 1, -1, 0], [1, 0, 1, -1, 0])
k=5 type 84: YES ([0, 0, 0, 0, 1], [0, 0, 0, 1, -1], [0, 1, -1, 0, 0], [0, 1, 0, 0, 0], [1, 0, -1, 1, 0], [1, 0, 0, 0, 0])
k=5 type 85: YES ([0, 0, 0, 0, 1], [0, 0, 0, 1, -1], [0, 0, 1, -1, 0], [0, 1, 0, 0, 0], [1, -1, 1, -1, 1], [1, 0, 0, -1, 1])
k=5 type 86: YES ([0, 0, 0, 0, 1], [0, 0, 0, 1, -1], [0, 0, 1, 0, 0], [0, 1, -1, 1, 0], [1, -1, 0, 0, 0], [1, 0, 0, 0, 0])
k=5 type 87: YES ([0, 0, 0, 0, 1], [0, 0, 0, 1, -1], [0, 0, 1, -1, 0], [0, 1, -1, 0, 0], [1, -1, 0, 1, -1], [1, 0, 0, 1, -1])
k=5 type 88: YES ([0, 0, 0, 0, 1], [0, 0, 0, 1, -1], [0, 0, 1, 0, 0], [0, 1, -1, 1, 0], [1, -1, 0, 0, 0], [1, 0, 0, 0, 0])
k=5 type 89: YES ([0, 0, 0, 0, 1], [0, 0, 0, 1, -1], [0, 1, -1, 0, 0], [0, 1, 0, 0, 0], [1, 0, -1, 1, 0], [1, 0, 0, 0, 0])
k=5 type 90: YES ([0, 0, 0, 0, 1], [0, 0, 0, 1, -1], [0, 1, -1, 0, 0], [0, 1, 0, 0, 0], [1, 0, -1, 1, 0], [1, 0, 0, 0, 0])
k=5 type 91: YES ([0, 0, 0, 0, 1], [0, 0, 0, 1, -1], [0, 0, 1, -1, 0], [0, 1, -1, 0, 0], [1, -1, 1, 0, -1], [1, 0, 1, 0, -1])
k=5 type 92: YES ([0, 0, 0, 0, 1], [0, 0, 0, 1, -1], [0, 0, 1, -1, 0], [0, 1, -1, 0, 0], [1, -1, 1, -1, 1], [1, 0, 1, -1, 1])
k=5 type 93: YES ([0, 0, 0, 0, 1], [0, 0, 0, 1, -1], [0, 0, 1, -1, 0], [0, 1, 0, 0, 0], [1, -1, 1, 0, 0], [1, 0, 0, 0, 0])
k=5 type 94: YES ([0, 0, 0, 0, 1], [0, 0, 0, 1, -1], [0, 0, 1, 0, 0], [0, 1, -1, 1, 0], [1, -1, 0, 0, 0], [1, 0, 0, 0, 0])
k=5 type 95: YES ([0, 0, 0, 0, 1], [0, 0, 0, 1, -1], [0, 0, 1, -1, 0], [0, 1, 0, 0, 0], [1, -1, 0, 1, 0], [1, 0, -1, 1, 0])
k=5 type 96: YES ([0, 0, 0, 0, 1], [0, 0, 0, 1, -1], [0, 0, 1, -1, 0], [0, 1, -1, 0, 0], [1, -1, 1, -1, 1], [1, 0, 1, -1, 1])
k=5 type 97: YES ([0, 0, 0, 0, 1], [0, 0, 0, 1, -1], [0, 0, 1, -1, 0], [0, 1, -1, 0, 0], [1, -1, 1, -1, 0], [1, 0, 1, -1, 0])
k=5 type 98: YES ([0, 0, 0, 0, 1], [0, 0, 1, -1, 0], [0, 1, -1, 0, 0], [0, 1, 0, 0, 0], [1, 0, 0, -1, 1], [1, 0, 0, 0, 0])
k=5 type 99: YES ([0, 0, 0, 0, 1], [0, 0, 0, 1, -1], [0, 0, 1, 0, 0], [0, 1, -1, 1, 0], [1, -1, 1, -1, 0], [1, 0, 1, -1, 0])
k=5 type 100: YES ([0, 0, 0, 0, 1], [0, 0, 0, 1, -1], [0, 0, 1, -1, 0], [0, 1, -1, 1, 0], [1, -1, 0, -1, 0], [1, 0, 0, 0, 0])
k=5 type 101: YES ([0, 0, 0, 0, 1], [0, 0, 0, 1, -1], [0, 0, 1, -1, 0], [0, 1, -1, 0, 0], [1, -1, 0, 1, -1], [1, 0, 0, 1, -1])
k=5 type 102: YES ([0, 0, 0, 0, 1], [0, 0, 0, 1, -1], [0, 0, 1, 0, 0], [0, 1, -1, 1, -1], [1, -1, 0, 0, 1], [1, 0, 0, 0, 0])
k=5 type 103: YES ([0, 0, 0, 0, 1], [0, 0, 0, 1, -1], [0, 0, 1, -1, 0], [0, 1, 0, 0, 0], [1, -1, 1, 0, 0], [1, 0, 0, 0, 0])
k=5 type 104: YES ([0, 0, 0, 0, 1], [0, 0, 0, 1, -1], [0, 0, 1, -1, 0], [0, 1, -1, 0, 0], [1, -1, 0, 1, -1], [1, 0, 0, 1, -1])
k=5 type 105: YES ([0, 0, 0, 0, 1], [0, 0, 0, 1, -1], [0, 0, 1, -1, 0], [0, 1, -1, 0, 0], [1, -1, 1, 0, -1], [1, 0, 1, 0, -1])
k=5 type 106: YES ([0, 0, 0, 0, 1], [0, 0, 0, 1, -1], [0, 0, 1, -1, 0], [0, 1, 0, 0, 0], [1, -1, 1, 0, 0], [1, 0, 0, 0, 0])
k=5 type 107: YES ([0, 0, 0, 0, 1], [0, 0, 0, 1, -1], [0, 0, 1, -1, 0], [0, 1, -1, 1, 0], [1, -1, 0, 0, 0], [1, 0, 0, 1, 0])
k=5 type 108: YES ([0, 0, 0, 0, 1], [0, 0, 0, 1, -1], [0, 0, 1, -1, 0], [0, 1, 0, 0, 0], [1, -1, 1, 0, 0], [1, 0, 0, 0, 0])
k=5 type 109: YES ([0, 0, 0, 0, 1], [0, 0, 0, 1, -1], [0, 0, 1, -1, 0], [0, 1, 0, 0, 0], [1, -1, 1, 0, 0], [1, 0, 0, 0, 0])
k=5 type 110: YES ([0, 0, 0, 0, 1], [0, 0, 0, 1, -1], [0, 0, 1, -1, 0], [0, 1, 0, 0, 0], [1, -1, 1, 0, 0], [1, 0, 0, 0, 0])
k=5 type 111: YES ([0, 0, 0, 0, 1], [0, 0, 0, 1, -1], [0, 0, 1, -1, 0], [0, 1, -1, 0, 0], [1, -1, 0, 0, 0], [1, 0, 0, 0, 0])
k=5 type 112: YES ([0, 0, 0, 0, 1], [0, 0, 0, 1, -1], [0, 0, 1, -1, 0], [0, 1, -1, 0, 0], [1, -1, 0, 0, 0], [1, 0, 0, 0, 0])
k=5 type 113: YES ([0, 0, 0, 0, 1], [0, 0, 0, 1, -1], [0, 0, 1, -1, 0], [0, 1, 0, 0, 0], [1, -1, 1, 0, 0], [1, 0, 0, 0, 0])
k=5 type 114: YES ([0, 0, 0, 0, 1], [0, 0, 0, 1, -1], [0, 0, 1, -1, 0], [0, 1, -1, 0, 1], [1, -1, 0, 0, -1], [1, 0, 0, 0, 0])
k=5 type 115: YES ([0, 0, 0, 1, -1], [0, 0, 1, -1, 0], [0, 1, -1, 0, 0], [0, 1, 0, 0, 0], [1, 0, 0, 0, -1], [1, 0, 0, 0, 0])
k=5 type 116: YES ([0, 0, 0, 0, 1], [0, 0, 0, 1, -1], [0, 0, 1, 0, 0], [0, 1, -1, 1, 0], [1, -1, 0, 0, 0], [1, 0, 0, 0, 0])
k=5 type 117: YES ([0, 0, 0, 0, 1], [0, 0, 0, 1, -1], [0, 0, 1, -1, 0], [0, 1, -1, 0, 0], [1, -1, 0, 0, 0], [1, 0, 0, 0, 0])
k=5 type 118: YES ([0, 0, 0, 0, 1], [0, 0, 0, 1, -1], [0, 0, 1, -1, 0], [0, 1, -1, 0, 0], [1, -1, 0, 0, 0], [1, 0, 0, 0, 0])
k=5 type 119: YES ([0, 0, 0, 0, 1], [0, 0, 0, 1, -1], [0, 0, 1, -1, 0], [0, 1, -1, 0, 0], [1, -1, 0, 0, 0], [1, 0, 0, 0, 0])
k=5 type 120: YES ([0, 0, 0, 0, 1], [0, 0, 0, 1, -1], [0, 0, 1, -1, 0], [0, 1, 0, 0, 0], [1, -1, -1, 0, 0], [1, 0, 0, 0, 0])
k=5 type 121: YES ([0, 0, 0, 0, 1], [0, 0, 0, 1, -1], [0, 1, -1, 0, 0], [0, 1, 0, 0, 0], [1, 0, -1, 1, 0], [1, 0, 0, 0, 0])
k=5 type 122: YES ([0, 0, 0, 0, 1], [0, 0, 0, 1, -1], [0, 0, 1, -1, 0], [0, 1, 0, 0, 0], [1, -1, -1, 0, 0], [1, 0, 0, 0, 0])
k=5 type 123: YES ([0, 0, 0, 0, 1], [0, 0, 0, 1, -1], [0, 0, 1, -1, 0], [0, 1, -1, 0, 0], [1, -1, 0, 0, 0], [1, 0, 0, 0, 0])
k=5 type 124: YES ([0, 0, 0, 0, 1], [0, 0, 0, 1, -1], [0, 0, 1, -1, 0], [0, 1, 0, 0, 0], [1, -1, 1, 0, 0], [1, 0, 0, 0, 0])
k=5 type 125: YES ([0, 0, 0, 0, 1], [0, 0, 0, 1, -1], [0, 0, 1, -1, 0], [0, 1, 0, 0, 0], [1, -1, 1, 0, 0], [1, 0, 0, 0, 0])
k=5 type 126: YES ([0, 0, 0, 0, 1], [0, 0, 0, 1, -1], [0, 0, 1, -1, 0], [0, 1, -1, 0, 0], [1, -1, 0, 0, 0], [1, 0, 0, 0, 0])
k=5 type 127: YES ([0, 0, 0, 0, 1], [0, 0, 0, 1, -1], [0, 0, 1, -1, 0], [0, 1, -1, 0, 0], [1, -1, 0, 0, 0], [1, 0, 0, 0, 0])
k=5 type 128: YES ([0, 0, 0, 0, 1], [0, 0, 0, 1, -1], [0, 0, 1, -1, 0], [0, 1, 0, 0, 0], [1, -1, -1, 0, 0], [1, 0, 0, 0, 0])
k=5 type 129: YES ([0, 0, 0, 0, 1], [0, 0, 0, 1, -1], [0, 0, 1, -1, 0], [0, 1, -1, 0, 0], [1, -1, 0, 0, 0], [1, 0, 0, 0, 0])
k=5 type 130: YES ([0, 0, 0, 0, 1], [0, 0, 0, 1, -1], [0, 0, 1, -1, 0], [0, 1, 0, 0, 0], [1, -1, 0, 1, 0], [1, 0, -1, 1, 0])
k=5 type 131: YES ([0, 0, 0, 0, 1], [0, 0, 0, 1, -1], [0, 0, 1, -1, 0], [0, 1, -1, 0, 0], [1, -1, 0, 0, 0], [1, 0, 0, 0, 0])
k=5 type 132: YES ([0, 0, 0, 0, 1], [0, 0, 1, -1, 0], [0, 1, -1, 0, 0], [0, 1, 0, 0, 0], [1, 0, 0, -1, 1], [1, 0, 0, 0, 0])
k=5 type 133: YES ([0, 0, 0, 0, 1], [0, 0, 0, 1, -1], [0, 0, 1, -1, 0], [0, 1, -1, 0, 0], [1, -1, 1, -1, 1], [1, 0, 1, -1, 1])
k=5 type 134: YES ([0, 0, 0, 0, 1], [0, 0, 0, 1, -1], [0, 0, 1, -1, 0], [0, 1, -1, 1, -1], [1, -1, 0, -1, 1], [1, 0, 0, 0, 0])
k=5 type 135: YES ([0, 0, 0, 0, 1], [0, 0, 0, 1, -1], [0, 1, -1, 0, 0], [0, 1, 0, 0, 0], [1, 0, -1, 1, 0], [1, 0, 0, 0, 0])
k=5 type 136: YES ([0, 0, 0, 0, 1], [0, 0, 0, 1, -1], [0, 0, 1, -1, 0], [0, 1, -1, 1, -1], [1, -1, 0, -1, 1], [1, 0, 0, 0, 0])
k=5 type 137: YES ([0, 0, 0, 0, 1], [0, 0, 0, 1, -1], [0, 0, 1, -1, 0], [0, 1, -1, 0, 0], [1, -1, 1, -1, 0], [1, 0, 1, -1, 0])
k=5 type 138: YES ([0, 0, 0, 0, 1], [0, 0, 0, 1, 0], [0, 0, 1, -1, 0], [0, 1, -1, 0, 1], [1, -1, 1, 0, -1], [1, 0, 1, 0, -1])
k=5 type 139: YES ([0, 0, 0, 0, 1], [0, 0, 0, 1, -1], [0, 1, -1, 0, 0], [0, 1, 0, -1, 0], [1, 0, -1, 1, -1], [1, 0, 0, 1, -1])
k=5 type 140: YES ([0, 0, 0, 0, 1], [0, 0, 0, 1, -1], [0, 1, -1, 0, 0], [0, 1, 0, 0, 0], [1, 0, -1, 1, 0], [1, 0, 0, 0, 0])
k=5 type 141: YES ([0, 0, 0, 0, 1], [0, 0, 0, 1, -1], [0, 0, 1, -1, 0], [0, 1, -1, 0, 0], [1, -1, 1, -1, 0], [1, 0, 1, -1, 0])
k=5 type 142: YES ([0, 0, 0, 0, 1], [0, 0, 0, 1, -1], [0, 1, -1, 0, 0], [0, 1, 0, 0, 0], [1, 0, -1, 1, 0], [1, 0, 0, 0, 0])
k=5 type 143: YES ([0, 0, 0, 0, 1], [0, 0, 0, 1, -1], [0, 0, 1, 0, 0], [0, 1, -1, 1, 0], [1, -1, 0, 0, 0], [1, 0, 0, 0, 0])
k=5 type 144: YES ([0, 0, 0, 0, 1], [0, 0, 0, 1, -1], [0, 0, 1, -1, 0], [0, 1, -1, 1, 0], [1, -1, 0, -1, 0], [1, 0, 0, 0, 0])
k=5 type 145: YES ([0, 0, 0, 0, 1], [0, 0, 0, 1, -1], [0, 0, 1, -1, 0], [0, 1, -1, 1, -1], [1, -1, 0, -1, 1], [1, 0, 0, 0, 0])
k=5 type 146: YES ([0, 0, 0, 0, 1], [0, 0, 0, 1, 0], [0, 1, -1, 0, 0], [0, 1, 0, 0, 0], [1, 0, -1, 1, -1], [1, 0, 0, 0, 0])
k=5 type 147: YES ([0, 0, 0, 0, 1], [0, 0, 0, 1, -1], [0, 1, -1, 0, 0], [0, 1, 0, 0, 0], [1, 0, -1, 1, 0], [1, 0, 0, 0, 0])
k=5 type 148: YES ([0, 0, 0, 0, 1], [0, 0, 0, 1, -1], [0, 0, 1, 0, 0], [0, 1, -1, 1, 0], [1, -1, 0, 0, 0], [1, 0, 0, 0, 0])
k=5 type 149: YES ([0, 0, 0, 0, 1], [0, 0, 0, 1, -1], [0, 0, 1, -1, 0], [0, 1, -1, 0, 1], [1, -1, 0, 0, -1], [1, 0, 0, 0, 0])
k=5 type 150: YES ([0, 0, 0, 0, 1], [0, 0, 0, 1, -1], [0, 0, 1, -1, 0], [0, 1, -1, 0, 0], [1, -1, 0, 0, 0], [1, 0, 0, 0, 0])
k=5 type 151: YES ([0, 0, 0, 0, 1], [0, 0, 0, 1, -1], [0, 0, 1, -1, 0], [0, 1, -1, 0, 0], [1, -1, 0, 0, 0], [1, 0, 0, 0, 0])
k=5 type 152: YES ([0, 0, 0, 0, 1], [0, 0, 0, 1, -1], [0, 0, 1, 0, 0], [0, 1, -1, 0, 1], [1, -1, 0, 1, -1], [1, 0, 0, 0, 0])
k=5 type 153: YES ([0, 0, 0, 0, 1], [0, 0, 0, 1, -1], [0, 0, 1, -1, 0], [0, 1, -1, 0, 0], [1, -1, 0, 0, 0], [1, 0, 0, 0, 0])
k=5 type 154: YES ([0, 0, 0, 0, 1], [0, 0, 0, 1, -1], [0, 0, 1, -1, 0], [0, 1, -1, 0, 0], [1, -1, 0, 0, 1], [1, 0, 0, 0, 1])
k=5 type 155: YES ([0, 0, 0, 0, 1], [0, 0, 0, 1, -1], [0, 0, 1, -1, 0], [0, 1, -1, 0, 0], [1, -1, 0, 0, 0], [1, 0, 0, 0, 0])
k=5 type 156: YES ([0, 0, 0, 0, 1], [0, 0, 0, 1, -1], [0, 0, 1, -1, 0], [0, 1, 0, 0, 0], [1, -1, 1, 0, 0], [1, 0, 0, 0, 0])
k=5 type 157: YES ([0, 0, 0, 0, 1], [0, 0, 0, 1, -1], [0, 0, 1, 0, 0], [0, 1, -1, 1, -1], [1, -1, 0, 0, 1], [1, 0, 0, 0, 0])
k=5 type 158: YES ([0, 0, 0, 0, 1], [0, 0, 0, 1, -1], [0, 0, 1, -1, 0], [0, 1, 0, 0, 0], [1, -1, -1, 0, 0], [1, 0, 0, 0, 0])
k=5 type 159: YES ([0, 0, 0, 0, 1], [0, 0, 0, 1, -1], [0, 0, 1, -1, 0], [0, 1, -1, 0, 0], [1, -1, 0, 0, 0], [1, 0, 0, 0, 0])
k=5 type 160: YES ([0, 0, 0, 0, 1], [0, 0, 0, 1, -1], [0, 0, 1, -1, 0], [0, 1, 0, 0, 0], [1, -1, -1, 0, 0], [1, 0, 0, 0, 0])
k=5 type 161: YES ([0, 0, 0, 0, 1], [0, 0, 0, 1, -1], [0, 0, 1, -1, 0], [0, 1, -1, 1, -1], [1, -1, 0, -1, 1], [1, 0, 0, 0, 0])
k=5 type 162: YES ([0, 0, 0, 0, 1], [0, 0, 0, 1, -1], [0, 1, -1, 1, 0], [0, 1, 0, 0, 0], [1, 0, -1, 1, 0], [1, 0, 0, 1, 0])
k=5 type 163: YES ([0, 0, 0, 0, 1], [0, 0, 0, 1, -1], [0, 0, 1, 0, 0], [0, 1, -1, 1, 0], [1, -1, 1, -1, 1], [1, 0, 1, -1, 1])
k=5 type 164: YES ([0, 0, 0, 0, 1], [0, 0, 0, 1, 0], [0, 0, 1, -1, 1], [0, 1, -1, 1, -1], [1, -1, 0, -1, 1], [1, 0, 0, 0, 0])
k=5 type 165: YES ([0, 0, 0, 0, 1], [0, 0, 0, 1, -1], [0, 0, 1, 0, 0], [0, 1, 0, 0, 0], [1, -1, 1, -1, 0], [1, 0, 0, 0, 0])
k=5 type 166: YES ([0, 0, 0, 0, 1], [0, 0, 0, 1, -1], [0, 1, -1, 1, 0], [0, 1, 0, 0, 0], [1, 0, -1, 1, -1], [1, 0, 0, 1, -1])
k=5 type 167: YES ([0, 0, 0, 0, 1], [0, 0, 0, 1, -1], [0, 0, 1, -1, 0], [0, 1, -1, 1, -1], [1, -1, 0, -1, 1], [1, 0, 0, 0, 0])
k=5 type 168: YES ([0, 0, 0, 0, 1], [0, 0, 0, 1, 0], [0, 0, 1, -1, 1], [0, 1, -1, 1, -1], [1, -1, 0, -1, 1], [1, 0, 0, 0, 0])
k=5 type 169: YES ([0, 0, 0, 0, 1], [0, 0, 0, 1, -1], [0, 0, 1, 0, 0], [0, 1, -1, 1, 0], [1, -1, 1, -1, 0], [1, 0, 1, -1, 0])
k=5 type 170: YES ([0, 0, 0, 0, 1], [0, 0, 1, 0, 0], [0, 1, -1, 1, -1], [0, 1, 0, 0, 0], [1, 0, 0, -1, 0], [1, 0, 0, 0, 0])
k=5 type 171: YES ([0, 0, 0, 0, 1], [0, 0, 0, 1, -1], [0, 0, 1, -1, 0], [0, 1, -1, 1, -1], [1, -1, 0, -1, 1], [1, 0, 0, 0, 0])
k=5 type 172: YES ([0, 0, 0, 0, 1], [0, 0, 0, 1, -1], [0, 0, 1, -1, 0], [0, 1, -1, 1, 0], [1, -1, 0, -1, 0], [1, 0, 0, 0, 0])
k=5 type 173: YES ([0, 0, 0, 0, 1], [0, 0, 0, 1, -1], [0, 0, 1, -1, 0], [0, 1, 0, 0, 0], [1, -1, 1, -1, 1], [1, 0, 0, -1, 1])
k=5 type 174: YES ([0, 0, 0, 0, 1], [0, 0, 1, -1, 0], [0, 1, -1, 1, 0], [0, 1, 0, 1, -1], [1, 0, 0, -1, 0], [1, 0, 0, 0, 0])
k=5 type 175: YES ([0, 0, 0, 0, 1], [0, 0, 0, 1, -1], [0, 0, 1, -1, 0], [0, 1, -1, 1, -1], [1, -1, 0, -1, 1], [1, 0, 0, 0, 0])
k=5 type 176: YES ([0, 0, 0, 0, 1], [0, 0, 0, 1, -1], [0, 0, 1, -1, 0], [0, 1, -1, 1, 0], [1, -1, 0, -1, 0], [1, 0, 0, 0, 0])
k=5 type 177: YES ([0, 0, 0, 0, 1], [0, 0, 0, 1, -1], [0, 1, -1, 1, 0], [0, 1, 0, 1, 0], [1, 0, -1, 1, 0], [1, 0, 0, 0, 0])
k=5 type 178: YES ([0, 0, 0, 0, 1], [0, 0, 0, 1, -1], [0, 0, 1, -1, 0], [0, 1, -1, 1, 0], [1, -1, 0, -1, 0], [1, 0, 0, 0, 0])
k=5 type 179: YES ([0, 0, 0, 0, 1], [0, 0, 0, 1, -1], [0, 0, 1, -1, 0], [0, 1, -1, 1, 0], [1, -1, 0, -1, 0], [1, 0, 0, 0, 0])
k=5 type 180: YES ([0, 0, 0, 0, 1], [0, 0, 0, 1, -1], [0, 0, 1, -1, 0], [0, 1, 0, 0, 0], [1, -1, 1, -1, 1], [1, 0, 0, -1, 1])
k=5 type 181: YES ([0, 0, 0, 0, 1], [0, 0, 0, 1, -1], [0, 0, 1, -1, 0], [0, 1, 0, 1, -1], [1, -1, 1, -1, 1], [1, 0, 0, 0, 0])
k=5 type 182: YES ([0, 0, 0, 0, 1], [0, 0, 0, 1, -1], [0, 0, 1, 0, 0], [0, 1, 0, 0, 0], [1, -1, 1, -1, 0], [1, 0, 0, 0, 0])
k=5 type 183: YES ([0, 0, 0, 0, 1], [0, 0, 0, 1, -1], [0, 0, 1, -1, 0], [0, 1, 0, 0, 0], [1, -1, 1, 0, 0], [1, 0, 0, 0, 0])
k=5 type 184: YES ([0, 0, 0, 0, 1], [0, 0, 0, 1, -1], [0, 0, 1, 0, 0], [0, 1, 0, 0, 0], [1, -1, 1, -1, 0], [1, 0, 0, 0, 0])
k=5 type 185: YES ([0, 0, 0, 0, 1], [0, 0, 0, 1, -1], [0, 0, 1, -1, 0], [0, 1, 0, 0, 0], [1, -1, 1, 0, 0], [1, 0, 0, 0, 0])
k=5 type 186: YES ([0, 0, 0, 0, 1], [0, 0, 0, 1, -1], [0, 0, 1, -1, 1], [0, 1, 0, 0, 0], [1, -1, 1, 0, 1], [1, 0, 0, 0, 0])
k=5 type 187: YES ([0, 0, 0, 0, 1], [0, 0, 0, 1, -1], [0, 0, 1, -1, 1], [0, 1, -1, 0, 0], [1, -1, 1, -1, 0], [1, 0, 1, -1, 1])
k=5 type 188: YES ([0, 0, 0, 0, 1], [0, 0, 0, 1, -1], [0, 0, 1, -1, 0], [0, 1, -1, 1, 0], [1, -1, 0, -1, 0], [1, 0, 0, 0, 0])
k=5 type 189: YES ([0, 0, 0, 0, 1], [0, 0, 0, 1, -1], [0, 0, 1, -1, 1], [0, 1, -1, 0, -1], [1, -1, 1, -1, 1], [1, 0, 1, -1, 1])
k=5 type 190: YES ([0, 0, 0, 0, 1], [0, 0, 0, 1, -1], [0, 0, 1, -1, 0], [0, 1, -1, 0, 0], [1, -1, 1, 0, 0], [1, 0, 1, 0, 0])
k=5 type 191: YES ([0, 0, 0, 0, 1], [0, 0, 0, 1, -1], [0, 0, 1, -1, 0], [0, 1, -1, 0, 0], [1, -1, 0, 0, 0], [1, 0, 0, 0, 0])
k=5 type 192: YES ([0, 0, 0, 0, 1], [0, 0, 0, 1, -1], [0, 0, 1, -1, 0], [0, 1, -1, 0, 0], [1, -1, 1, -1, 0], [1, 0, 1, -1, 0])
k=5 type 193: YES ([0, 0, 0, 0, 1], [0, 0, 0, 1, -1], [0, 0, 1, -1, 0], [0, 1, -1, 0, 0], [1, -1, 1, -1, 0], [1, 0, 1, -1, 0])
k=5 type 194: YES ([0, 0, 0, 0, 1], [0, 0, 0, 1, -1], [0, 0, 1, -1, 1], [0, 1, 0, 0, 0], [1, -1, 1, 0, 1], [1, 0, 0, 0, 0])
k=5 type 195: YES ([0, 0, 0, 0, 1], [0, 0, 0, 1, -1], [0, 0, 1, -1, 1], [0, 1, -1, 0, -1], [1, -1, 0, 0, 0], [1, 0, 0, 0, 0])
k=5 type 196: YES ([0, 0, 0, 0, 1], [0, 0, 0, 1, -1], [0, 0, 1, -1, 1], [0, 1, -1, 0, -1], [1, -1, 1, 0, 1], [1, 0, 1, 0, 1])
k=5 type 197: YES ([0, 0, 0, 0, 1], [0, 0, 0, 1, -1], [0, 0, 1, -1, 1], [0, 1, -1, 0, -1], [1, -1, 0, 0, 0], [1, 0, 0, 0, 0])
